250
49 211
856 898
554 667
718 987
606 886
761 853
634 980
203 605
974 984
187 340
962 974
906 922
690 855
126 303
111 999
275 685
409 975
192 559
834 914
913 957
568 837
470 586
492 977
181 525
353 611
865 943
171 859
280 330
995 1000
186 341
390 480
543 985
769 794
811 979
754 824
408 492
981 990
805 860
227 483
426 869
167 897
934 983
62 668
539 722
633 671
382 806
263 686
527 807
89 872
761 967
75 667
854 884
796 946
522 592
574 741
177 249
754 860
64 863
266 365
309 314
453 594
778 805
888 987
930 933
537 747
671 864
958 983
573 958
667 905
791 794
702 978
373 910
882 935
267 302
24 909
964 982
111 645
159 178
132 349
632 655
700 918
613 740
391 644
586 679
950 959
65 92
266 528
106 467
732 793
705 751
220 224
947 995
9 994
376 952
950 982
639 896
11 614
50 653
336 364
759 840
222 708
428 746
851 881
658 773
13 85
257 308
808 965
752 967
228 826
942 987
125 390
219 286
107 359
646 801
143 235
7 918
734 789
214 315
278 360
283 308
746 849
776 985
420 596
532 802
312 316
782 963
448 677
923 980
627 830
729 839
482 599
898 924
233 939
380 744
879 973
633 890
668 986
166 897
321 521
160 653
831 832
636 980
607 801
261 858
839 949
171 983
604 775
239 481
190 425
995 999
571 781
216 992
447 816
692 707
969 991
480 632
784 936
972 978
68 973
800 968
966 994
24 152
39 505
354 852
706 962
653 899
949 999
701 972
457 820
697 722
408 719
109 382
939 982
425 728
934 947
309 886
13 305
929 998
785 935
295 311
981 998
115 622
322 333
389 496
647 926
913 982
304 746
570 719
894 901
591 807
811 852
554 800
337 940
908 926
813 931
963 999
731 884
652 922
837 925
828 962
794 958
652 862
471 880
994 999
869 929
638 747
372 587
256 932
352 926
258 961
921 986
721 800
249 501
608 756
133 211
831 989
429 850
396 622
639 892
72 471
349 880
940 975
492 639
950 977
847 878
31 250
163 898
720 726
640 775
519 630
772 833
698 899
434 921
240 253
808 934
426 752
493 689
886 960
714 964
263 872
54 419
443 716
293 752
773 978
720 781
18 817
544 680
964 999
714 934
292 588